2		4		6		8		10		12		14		16		18
	3		5		7		9		11		13		15		17
+	*		*		*!				_		_		_		_				_
									

	3			6			9			12			15			18			21			24			27 
2			5			8			11			14			17			20			23			26
 		4			7			10			13			16			19			22			25	
*		*	*		*			*!	_		_	*!			_		_			_	_			_
				

		4				8				12				16				20				24				28				32				36
	3				7				11				15				19				23				27				31				35				
2				6				10				14				18				22				26				30				34
			5				9				13				17				21				25				29				33							
	*		*	*	_		*	*	_		_	*!	*		_		_		*!	_	_			_			_		_		_	_	*!
	
				
			5					10					15					20					25					30					35					40					45							
		4					9					14					19					24					29					34					39					44																														
	3					8					13					18					23					28					33					37					43													
2					7					12					17					22					27					32					36					42																			
				6					11					16					21					26					31					35					41																											
	*	*		*	*	*	*		_	*!	_	*!					_		*!	_		*	*!				_					_					*					_
			
6	12	18	24	30	36	42	
5	11	17	23	29	35	41
	_					_
	
					7							14							21							28							35							42							49						56						63
				6							13							20							27							34								
				*							_							*!
	
8	16	24	32	40	48	56	64	72
7	15	23	31	39	40	55	63	71
		_	_	_		_		_
		